0.9441874027252197 22.00 40.00

10.012779712677002 22.00 40.00

19.08188772201538 22.00 40.00

28.146719217300415 22.00 40.00

37.21568441390991 22.00 41.00

46.284571409225464 22.00 41.00

55.34942817687988 22.00 41.00

64.41825699806213 21.00 41.00

73.48715996742249 21.00 41.00

82.55601739883423 21.00 37.00

91.6211519241333 20.00 32.00

100.68985033035278 19.00 31.00

109.758709192276 18.00 32.00

118.82385063171387 17.00 32.00

127.89242672920227 15.00 33.00

136.96126556396484 14.00 35.00

146.02608728408813 13.00 37.00

155.0950062274933 12.00 39.00

164.1638822555542 11.00 41.00

173.22860670089722 10.00 43.00

182.2974398136139 10.00 45.00

191.36229705810547 9.00 48.00

200.43108487129211 9.00 50.00

209.49600291252136 8.00 52.00

218.5646300315857 8.00 53.00

227.62963771820068 8.00 54.00

236.69825291633606 8.00 59.00

245.76311898231506 8.00 63.00

254.8320827484131 8.00 67.00

263.89677596092224 9.00 70.00

272.9621202945709 9.00 71.00

282.03057050704956 10.00 70.00

291.09938168525696 10.00 70.00

300.1642279624939 11.00 70.00

309.2330069541931 11.00 70.00

318.29795694351196 12.00 70.00

327.3666396141052 12.00 69.00

336.4316506385803 12.00 68.00

345.5003442764282 13.00 67.00

354.56517720222473 13.00 66.00

363.63410806655884 13.00 65.00

372.6987659931183 14.00 64.00

381.76764965057373 14.00 62.00

390.8326482772827 14.00 61.00

399.9013991355896 15.00 60.00

408.9702308177948 15.00 59.00

418.0351529121399 15.00 58.00

427.10401248931885 15.00 57.00

436.1728265285492 16.00 57.00

445.23774933815 16.00 57.00

454.3062837123871 16.00 56.00

463.3713173866272 16.00 55.00

472.4401185512543 16.00 55.00

481.50497579574585 16.00 54.00

490.57388710975647 16.00 54.00

